  0
  10.0503
  20.1005
  30.1508
  40.201
  50.2513
  60.3015
  70.3518
  80.402
  90.4523
  100.503
  110.553
  120.603
  130.653
  140.704
  150.754
  160.804
  170.854
  180.905
  190.955
  201.005
  211.055
  221.106
  231.156
  241.206
  251.256
  261.307
  271.357
  281.407
  291.457
  301.508
  311.558
  321.608
  331.658
  341.709
  351.759
  361.809
  371.859
  381.91
  391.96
  402.01
  412.06
  422.111
  432.161
  442.211
  452.261
  462.312
  472.362
  482.412
  492.462
  502.513
  512.563
  522.613
  532.663
  542.714
  552.764
  562.814
  572.864
  582.915
  592.965
  603.015
  613.065
  623.116
  633.166
  643.216
  653.266
  663.317
  673.367
  683.417
  693.467
  703.518
  713.568
  723.618
  733.668
  743.719
  753.769
  763.819
  773.869
  783.92
  793.97
  804.02
  814.07
  824.121
  834.171
  844.221
  854.271
  864.322
  874.372
  884.422
  894.472
  904.523
  914.573
  924.623
  934.673
  944.724
  954.774
  964.824
  974.874
  984.925
  994.975
  1005.03
  1015.08
  1025.13
  1035.18
  1045.23
  1055.28
  1065.33
  1075.38
  1085.43
  1095.48
  1105.53
  1115.58
  1125.63
  1135.68
  1145.73
  1155.78
  1165.83
  1175.88
  1185.93
  1195.98
  1206.03
  1216.08
  1226.13
  1236.18
  1246.23
  1256.28
  1266.33
  1276.38
  1286.43
  1296.48
  1306.53
  1316.58
  1326.63
  1336.68
  1346.73
  1356.78
  1366.83
  1376.88
  1386.93
  1396.98
  1407.04
  1417.09
  1427.14
  1437.19
  1447.24
  1457.29
  1467.34
  1477.39
  1487.44
  1497.49
  1507.54
  1517.59
  1527.64
  1537.69
  1547.74
  1557.79
  1567.84
  1577.89
  1587.94
  1597.99
  1608.04
  1618.09
  1628.14
  1638.19
  1648.24
  1658.29
  1668.34
  1678.39
  1688.44
  1698.49
  1708.54
  1718.59
  1728.64
  1738.69
  1748.74
  1758.79
  1768.84
  1778.89
  1788.94
  1798.99
  1809.05
  1819.1
  1829.15
  1839.2
  1849.25
  1859.3
  1869.35
  1879.4
  1889.45
  1899.5
  1909.55
  1919.6
  1929.65
  1939.7
  1949.75
  1959.8
  1969.85
  1979.9
  1989.95
  2000
